# x [pix]	y	err
0	0.0673927
1.41421	0.0349668
2.82843	0.00133214
4.24264	0.000585807
5.65685	0.000476588
7.07107	0.000233825
8.48528	2.48161e-05
9.89949	5.26993e-05
11.3137	3.07456e-05
12.7279	4.71705e-05
14.1421	1.2351e-05
15.5563	1.37229e-05
16.9706	1.28753e-05
18.3848	1.76639e-05
19.799	1.8787e-05
21.2132	1.07804e-05
22.6274	6.21777e-06
24.0416	1.12442e-06
25.4558	3.03216e-06
26.8701	2.06271e-06
28.2843	2.06364e-06
29.6985	3.5934e-06
31.1127	3.01381e-06
32.5269	2.6081e-06
33.9411	2.27024e-06
35.3553	2.59553e-06
36.7696	3.54136e-06
38.1838	1.35757e-06
39.598	1.03368e-06
41.0122	7.79851e-07
42.4264	8.4851e-07
43.8406	4.69717e-07
45.2548	5.44115e-07
46.669	5.53859e-07
48.0833	7.23934e-07
49.4975	5.07797e-07
50.9117	4.91809e-07
52.3259	9.44933e-07
53.7401	1.00741e-06
55.1543	8.54907e-07
56.5685	6.53289e-07
57.9828	4.0986e-07
59.397	8.48873e-07
60.8112	6.43376e-07
62.2254	1.06023e-06
63.6396	4.1749e-07
65.0538	3.32967e-07
66.468	3.79134e-07
67.8823	2.50957e-07
69.2965	2.05725e-07
70.7107	1.96697e-07
72.1249	1.05429e-07
73.5391	1.4244e-07
74.9533	1.12839e-07
76.3675	1.13436e-07
77.7817	1.8096e-07
79.196	1.09425e-07
80.6102	8.76016e-08
82.0244	1.04101e-07
83.4386	1.51339e-07
84.8528	1.22743e-07
86.267	1.02663e-07
87.6812	8.60406e-08
89.0955	1.45232e-07
90.5097	2.84586e-07
91.9239	1.39018e-07
93.3381	1.73775e-07
94.7523	1.64204e-07
96.1665	1.39035e-07
97.5807	1.40839e-07
98.9949	9.55709e-08
100.409	8.86805e-08
101.823	1.42142e-07
103.238	1.10306e-07
104.652	1.21623e-07
106.066	1.16525e-07
107.48	1.62844e-07
108.894	2.2892e-07
110.309	1.05322e-07
111.723	8.39705e-08
113.137	9.22519e-08
114.551	8.29888e-08
115.966	5.80885e-08
117.38	3.78951e-08
118.794	5.39198e-08
120.208	5.40112e-08
121.622	4.68325e-08
123.037	3.17384e-08
124.451	2.98963e-08
125.865	4.55898e-08
127.279	2.94126e-08
128.693	3.21872e-08
130.108	3.08876e-08
131.522	2.55123e-08
132.936	2.98158e-08
134.35	2.01881e-08
135.765	3.4209e-08
137.179	2.16913e-08
138.593	2.61932e-08
140.007	2.56757e-08
141.421	2.21958e-08
142.836	2.90504e-08
144.25	4.38407e-08
145.664	2.35629e-08
147.078	2.41974e-08
148.492	1.91758e-08
149.907	2.48219e-08
151.321	2.67662e-08
152.735	2.0453e-08
154.149	2.74311e-08
155.563	3.587e-08
156.978	6.87901e-08
158.392	4.38416e-08
159.806	4.77325e-08
161.22	3.65618e-08
162.635	5.31284e-08
164.049	4.63696e-08
165.463	4.10957e-08
166.877	3.6435e-08
168.291	3.16101e-08
169.706	3.64951e-08
171.12	2.44514e-08
172.534	2.26828e-08
173.948	2.31269e-08
175.362	2.52522e-08
176.777	4.81251e-08
178.191	3.58674e-08
179.605	3.62405e-08
181.019	2.76332e-08
182.434	2.47762e-08
183.848	4.34325e-08
185.262	3.78086e-08
186.676	8.08414e-08
188.09	4.04764e-08
189.505	3.49782e-08
190.919	2.72618e-08
192.333	2.45329e-08
193.747	2.06601e-08
195.161	1.69159e-08
196.576	2.00322e-08
197.99	2.43953e-08
199.404	2.38857e-08
200.818	1.56743e-08
202.233	1.38699e-08
203.647	1.61965e-08
205.061	1.06162e-08
206.475	1.00733e-08
207.889	1.49341e-08
209.304	1.01231e-08
210.718	1.44373e-08
212.132	9.22374e-09
213.546	7.69125e-09
214.96	1.27256e-08
216.375	5.62738e-09
217.789	9.14577e-09
219.203	6.80401e-09
220.617	9.51842e-09
222.032	1.07063e-08
223.446	7.48369e-09
224.86	6.97672e-09
226.274	6.16212e-09
227.688	6.71999e-09
229.103	8.36246e-09
230.517	6.69584e-09
231.931	6.58297e-09
233.345	1.13e-08
234.759	1.06484e-08
236.174	6.5675e-09
237.588	5.38914e-09
239.002	6.72011e-09
240.416	6.63401e-09
241.831	5.32076e-09
243.245	4.11521e-09
244.659	4.82649e-09
246.073	8.75639e-09
247.487	6.73066e-09
248.902	1.02361e-08
250.316	9.26847e-09
251.73	8.44299e-09
253.144	8.08897e-09
254.558	5.58398e-09
255.973	4.94789e-09
257.387	7.20212e-09
258.801	5.90349e-09
260.215	5.9095e-09
261.63	4.57135e-09
263.044	4.36681e-09
264.458	7.77797e-09
265.872	6.61505e-09
267.286	8.12183e-09
268.701	9.42474e-09
270.115	1.4804e-08
271.529	1.95971e-08
272.943	1.47006e-08
274.357	9.83259e-09
275.772	8.83407e-09
277.186	9.01996e-09
278.6	1.02795e-08
280.014	9.54506e-09
281.428	1.19736e-08
282.843	1.10778e-08
284.257	9.56379e-09
285.671	1.00708e-08
287.085	8.41383e-09
288.5	7.84094e-09
289.914	8.50112e-09
291.328	7.12093e-09
292.742	8.77727e-09
294.156	8.77097e-09
295.571	6.98851e-09
296.985	4.62933e-09
298.399	5.54968e-09
299.813	4.65113e-09
301.227	6.37468e-09
302.642	5.73436e-09
304.056	5.21191e-09
305.47	1.02945e-08
306.884	9.40625e-09
308.299	7.6516e-09
309.713	6.36086e-09
311.127	6.15434e-09
312.541	8.72704e-09
313.955	5.9014e-09
315.37	5.03279e-09
316.784	7.74429e-09
318.198	8.90653e-09
319.612	7.03583e-09
321.026	7.65727e-09
322.441	9.55761e-09
323.855	2.11574e-08
325.269	1.47608e-08
326.683	7.4843e-09
328.098	7.1774e-09
329.512	7.77445e-09
330.926	6.7813e-09
332.34	4.47159e-09
333.754	3.79211e-09
335.169	4.53102e-09
336.583	5.84537e-09
337.997	4.26825e-09
339.411	3.41303e-09
340.825	4.06855e-09
342.24	4.89588e-09
343.654	6.15712e-09
345.068	3.02064e-09
346.482	3.41124e-09
347.897	3.82681e-09
349.311	3.00793e-09
350.725	2.59293e-09
352.139	2.12138e-09
353.553	3.45994e-09
354.968	3.65068e-09
356.382	2.55125e-09
357.796	2.3877e-09
359.21	3.60985e-09
360.624	4.91119e-09
362.039	3.43979e-09
363.453	3.10938e-09
364.867	2.71481e-09
366.281	2.85978e-09
367.696	2.87814e-09
369.11	1.79819e-09
370.524	1.82109e-09
371.938	2.25352e-09
373.352	2.53649e-09
374.767	3.31166e-09
376.181	2.05634e-09
377.595	2.52709e-09
379.009	2.31555e-09
380.423	2.26989e-09
381.838	2.39756e-09
383.252	1.86376e-09
384.666	3.03317e-09
386.08	2.18405e-09
387.495	2.12984e-09
388.909	2.87776e-09
390.323	2.07536e-09
391.737	2.09234e-09
393.151	1.69683e-09
394.566	1.48874e-09
395.98	1.9002e-09
397.394	2.0788e-09
398.808	1.45069e-09
400.222	1.7524e-09
401.637	1.56563e-09
403.051	1.62353e-09
404.465	1.66517e-09
405.879	2.93333e-09
407.294	1.40869e-09
408.708	2.12795e-09
410.122	1.49074e-09
411.536	1.15493e-09
412.95	1.56397e-09
414.365	1.74184e-09
415.779	2.07806e-09
417.193	2.09933e-09
418.607	1.58345e-09
420.021	1.62548e-09
421.436	1.37395e-09
422.85	1.12577e-09
424.264	1.2474e-09
425.678	1.8571e-09
427.092	1.80273e-09
428.507	1.51195e-09
429.921	1.83763e-09
431.335	2.71105e-09
432.749	2.93938e-09
434.164	1.86398e-09
435.578	1.74114e-09
436.992	2.00695e-09
438.406	1.69702e-09
439.82	1.31509e-09
441.235	1.19495e-09
442.649	1.14766e-09
444.063	1.48818e-09
445.477	1.15462e-09
446.891	1.36953e-09
448.306	1.44419e-09
449.72	1.62463e-09
451.134	1.28915e-09
452.548	1.21751e-09
453.963	1.06719e-09
455.377	1.17804e-09
456.791	1.07952e-09
458.205	1.20907e-09
459.619	1.2359e-09
461.034	1.30495e-09
462.448	1.59298e-09
463.862	1.45373e-09
465.276	1.77409e-09
466.69	1.83362e-09
468.105	3.24069e-09
469.519	2.67169e-09
470.933	4.38775e-09
472.347	3.43926e-09
473.762	2.69207e-09
475.176	2.08086e-09
476.59	2.03326e-09
478.004	2.02241e-09
479.418	2.46918e-09
480.833	2.34731e-09
482.247	1.92486e-09
483.661	2.08819e-09
485.075	2.13628e-09
486.489	3.22329e-09
487.904	2.76568e-09
489.318	2.67849e-09
490.732	2.22118e-09
492.146	2.71243e-09
493.561	2.85336e-09
494.975	2.56812e-09
496.389	1.93346e-09
497.803	1.73332e-09
499.217	1.90357e-09
500.632	1.91435e-09
502.046	1.69093e-09
503.46	1.67677e-09
504.874	1.69836e-09
506.288	1.36761e-09
507.703	1.48862e-09
509.117	1.75811e-09
510.531	1.56634e-09
511.945	1.35633e-09
513.36	1.32962e-09
514.774	1.21043e-09
516.188	1.18732e-09
517.602	1.03502e-09
519.016	1.00392e-09
520.431	1.2602e-09
521.845	1.29817e-09
523.259	1.38257e-09
524.673	1.2744e-09
526.087	1.37312e-09
527.502	1.6978e-09
528.916	1.48927e-09
530.33	2.5948e-09
531.744	2.10845e-09
533.159	1.90286e-09
534.573	1.73435e-09
535.987	1.41116e-09
537.401	1.37723e-09
538.815	1.73637e-09
540.23	1.46799e-09
541.644	1.60516e-09
543.058	1.17887e-09
544.472	1.26765e-09
545.886	1.44496e-09
547.301	1.25947e-09
548.715	1.47243e-09
550.129	1.85118e-09
551.543	2.64417e-09
552.958	1.82723e-09
554.372	2.08459e-09
555.786	1.72521e-09
557.2	2.32298e-09
558.614	3.37304e-09
560.029	3.03784e-09
561.443	5.14661e-09
562.857	2.44706e-09
564.271	2.24977e-09
565.685	2.04543e-09
567.1	1.57675e-09
568.514	1.92281e-09
569.928	1.72218e-09
571.342	1.9299e-09
572.756	1.89628e-09
574.171	1.29335e-09
575.585	1.45592e-09
576.999	1.29404e-09
578.413	1.06026e-09
579.828	1.06747e-09
581.242	1.12672e-09
582.656	1.28583e-09
584.07	1.0886e-09
585.484	1.15283e-09
586.899	1.04911e-09
588.313	1.21936e-09
589.727	1.14156e-09
591.141	1.11244e-09
592.555	1.33912e-09
593.97	1.92635e-09
595.384	1.96299e-09
596.798	1.18285e-09
598.212	1.10233e-09
599.627	1.01008e-09
601.041	1.00911e-09
602.455	8.61024e-10
603.869	9.28492e-10
605.283	8.10973e-10
606.698	9.06246e-10
608.112	6.33205e-10
609.526	6.42762e-10
610.94	6.72204e-10
612.354	6.43506e-10
613.769	9.37332e-10
615.183	6.56189e-10
616.597	6.71084e-10
618.011	6.46928e-10
619.426	5.52965e-10
620.84	6.03192e-10
622.254	4.82276e-10
623.668	8.27068e-10
625.082	7.36319e-10
626.497	5.40938e-10
627.911	6.08664e-10
629.325	8.23225e-10
630.739	9.44184e-10
632.153	6.32963e-10
633.568	5.70452e-10
634.982	5.19539e-10
636.396	6.28923e-10
637.81	4.74294e-10
639.225	4.01217e-10
640.639	4.78609e-10
642.053	6.92235e-10
643.467	5.08277e-10
644.881	5.55768e-10
646.296	6.95756e-10
647.71	1.02627e-09
649.124	1.00175e-09
650.538	5.36054e-10
651.952	6.56997e-10
653.367	6.76195e-10
654.781	5.77916e-10
656.195	4.74913e-10
657.609	4.27157e-10
659.024	4.77941e-10
660.438	6.36685e-10
661.852	4.76092e-10
663.266	3.731e-10
664.68	4.57343e-10
666.095	4.57986e-10
667.509	5.55523e-10
668.923	4.27727e-10
670.337	3.83566e-10
671.751	5.00522e-10
673.166	4.76074e-10
674.58	6.17242e-10
675.994	4.93085e-10
677.408	5.42613e-10
678.823	4.78329e-10
680.237	4.16238e-10
681.651	4.34731e-10
683.065	6.36044e-10
684.479	8.23705e-10
685.894	5.54228e-10
687.308	4.74985e-10
688.722	4.26426e-10
690.136	4.58589e-10
691.55	3.70142e-10
692.965	3.09542e-10
694.379	3.23549e-10
695.793	4.17318e-10
697.207	4.67291e-10
698.621	4.10733e-10
700.036	4.04124e-10
701.45	5.43243e-10
702.864	5.11069e-10
704.278	4.37196e-10
705.693	4.00905e-10
707.107	4.76446e-10
708.521	5.91818e-10
709.935	3.77121e-10
711.349	3.0186e-10
712.764	2.79852e-10
714.178	3.03704e-10
715.592	3.58475e-10
717.006	2.61264e-10
718.42	3.0611e-10
719.835	2.92285e-10
721.249	3.42275e-10
722.663	3.12821e-10
724.077	2.39619e-10
725.492	2.95439e-10
726.906	2.26726e-10
728.32	2.78981e-10
729.734	2.5976e-10
731.148	2.2008e-10
732.563	3.0645e-10
733.977	2.95622e-10
735.391	2.39381e-10
736.805	2.98839e-10
738.219	3.57874e-10
739.634	4.12778e-10
741.048	3.28432e-10
742.462	2.67306e-10
743.876	2.99652e-10
745.291	3.77592e-10
746.705	3.08552e-10
748.119	3.42167e-10
749.533	3.39103e-10
750.947	4.1457e-10
752.362	4.70514e-10
753.776	4.22081e-10
755.19	6.76182e-10
756.604	7.07133e-10
758.018	4.98194e-10
759.433	4.92426e-10
760.847	3.63984e-10
762.261	3.95745e-10
763.675	3.63001e-10
765.09	2.89767e-10
766.504	2.57352e-10
767.918	3.02746e-10
769.332	3.40394e-10
770.746	3.181e-10
772.161	2.83217e-10
773.575	2.75176e-10
774.989	2.90739e-10
776.403	3.13241e-10
777.817	2.79085e-10
779.232	3.89087e-10
780.646	3.27243e-10
782.06	2.63486e-10
783.474	2.56396e-10
784.889	2.16883e-10
786.303	2.84374e-10
787.717	2.63569e-10
789.131	2.79101e-10
790.545	3.39527e-10
791.96	3.63064e-10
793.374	4.26257e-10
794.788	4.30452e-10
796.202	3.4022e-10
797.616	3.8577e-10
799.031	2.92268e-10
800.445	3.12647e-10
801.859	2.69343e-10
803.273	2.96316e-10
804.688	3.56289e-10
806.102	2.9626e-10
807.516	3.50202e-10
808.93	4.21454e-10
810.344	6.23408e-10
811.759	4.84328e-10
813.173	4.09394e-10
814.587	5.01658e-10
816.001	3.51013e-10
817.415	3.58995e-10
818.83	2.97921e-10
820.244	2.82928e-10
821.658	2.93186e-10
823.072	3.01598e-10
824.487	2.7414e-10
825.901	2.73564e-10
827.315	2.85545e-10
828.729	2.58484e-10
830.143	3.54533e-10
831.558	3.44476e-10
832.972	3.39295e-10
834.386	2.98973e-10
835.8	2.5e-10
837.214	2.53743e-10
838.629	2.99944e-10
840.043	2.64449e-10
841.457	2.6006e-10
842.871	2.47767e-10
844.285	2.91472e-10
845.7	3.85286e-10
847.114	3.57854e-10
848.528	3.39639e-10
849.942	3.02751e-10
851.357	3.71902e-10
852.771	3.64454e-10
854.185	3.96096e-10
855.599	3.14111e-10
857.013	4.8324e-10
858.428	3.32006e-10
859.842	3.03284e-10
861.256	2.90077e-10
862.67	2.90234e-10
864.084	2.9531e-10
865.499	2.64562e-10
866.913	2.63448e-10
868.327	2.90355e-10
869.741	3.30041e-10
871.156	2.66772e-10
872.57	3.09575e-10
873.984	2.55208e-10
875.398	2.45186e-10
876.812	2.69191e-10
878.227	2.61787e-10
879.641	2.91948e-10
881.055	2.67436e-10
882.469	2.66683e-10
883.883	2.03593e-10
885.298	2.16489e-10
886.712	2.06058e-10
888.126	2.02343e-10
889.54	1.7753e-10
890.955	1.57836e-10
892.369	2.02081e-10
893.783	2.37743e-10
895.197	2.20255e-10
896.611	2.06725e-10
898.026	2.21834e-10
899.44	2.92389e-10
900.854	3.04314e-10
902.268	2.08883e-10
903.682	2.03511e-10
905.097	2.31217e-10
906.511	2.32176e-10
907.925	1.9249e-10
909.339	1.70477e-10
910.754	1.86859e-10
912.168	2.07952e-10
913.582	2.62165e-10
914.996	1.94959e-10
916.41	2.75693e-10
917.825	4.03193e-10
919.239	3.28879e-10
920.653	3.21123e-10
922.067	2.56762e-10
923.481	2.88388e-10
924.896	2.89988e-10
926.31	1.93392e-10
927.724	2.10188e-10
929.138	2.01663e-10
930.553	2.85045e-10
931.967	2.31714e-10
933.381	1.89709e-10
934.795	2.23378e-10
936.209	2.59414e-10
937.624	2.84475e-10
939.038	1.86405e-10
940.452	1.89789e-10
941.866	1.95437e-10
943.28	1.63544e-10
944.695	1.71047e-10
946.109	1.47788e-10
947.523	1.93331e-10
948.937	2.2152e-10
950.352	1.65353e-10
951.766	1.74394e-10
953.18	2.58006e-10
954.594	2.95587e-10
956.008	2.23048e-10
957.423	1.73592e-10
958.837	2.16366e-10
960.251	2.19994e-10
961.665	2.05173e-10
963.079	1.48247e-10
964.494	2.23887e-10
965.908	3.18563e-10
967.322	3.16887e-10
968.736	2.77449e-10
970.151	4.53032e-10
971.565	6.97646e-10
972.979	5.6783e-10
974.393	3.28874e-10
975.807	3.02724e-10
977.222	2.628e-10
978.636	2.86023e-10
980.05	2.18388e-10
981.464	1.65631e-10
982.878	2.11485e-10
984.293	2.46247e-10
985.707	2.322e-10
987.121	2.15579e-10
988.535	2.29859e-10
989.949	3.68867e-10
991.364	2.57748e-10
992.778	2.10748e-10
994.192	1.89499e-10
995.606	2.00921e-10
997.021	1.79382e-10
998.435	1.60322e-10
999.849	1.4753e-10
1001.26	1.75654e-10
1002.68	1.97673e-10
1004.09	1.79919e-10
1005.51	1.82377e-10
1006.92	2.24313e-10
1008.33	2.9345e-10
1009.75	2.40539e-10
1011.16	2.02989e-10
1012.58	2.01991e-10
1013.99	2.20193e-10
1015.41	1.95581e-10
1016.82	1.69247e-10
1018.23	1.59384e-10
1019.65	1.9121e-10
1021.06	2.36247e-10
1022.48	2.32186e-10
1023.89	2.1336e-10
1025.3	2.7288e-10
1026.72	2.61268e-10
1028.13	2.81464e-10
1029.55	3.03435e-10
1030.96	2.31576e-10
1032.38	2.22316e-10
1033.79	1.91095e-10
1035.2	1.80752e-10
1036.62	1.91551e-10
1038.03	1.91152e-10
1039.45	1.81918e-10
1040.86	1.75635e-10
1042.28	1.69016e-10
1043.69	1.90473e-10
1045.1	2.05852e-10
1046.52	1.74812e-10
1047.93	1.8196e-10
1049.35	1.44764e-10
1050.76	1.63923e-10
1052.17	1.62526e-10
1053.59	1.6841e-10
1055	1.52707e-10
1056.42	1.79607e-10
1057.83	1.99624e-10
1059.25	1.92611e-10
1060.66	2.1515e-10
1062.07	2.60289e-10
1063.49	3.35407e-10
1064.9	2.05998e-10
1066.32	1.92283e-10
1067.73	1.70599e-10
1069.15	2.18927e-10
1070.56	1.78868e-10
1071.97	1.57704e-10
1073.39	1.60724e-10
1074.8	1.97673e-10
1076.22	2.58664e-10
1077.63	1.54988e-10
1079.04	2.42637e-10
1080.46	2.65929e-10
1081.87	2.51918e-10
1083.29	1.91124e-10
1084.7	1.66443e-10
1086.12	1.78625e-10
1087.53	1.67464e-10
1088.94	1.68915e-10
1090.36	1.35383e-10
1091.77	1.96847e-10
1093.19	2.11238e-10
1094.6	1.79921e-10
1096.02	1.79488e-10
1097.43	1.42458e-10
1098.84	1.55867e-10
1100.26	1.48417e-10
1101.67	1.28668e-10
1103.09	1.42585e-10
1104.5	1.26237e-10
1105.92	1.20469e-10
1107.33	1.28457e-10
1108.74	1.52759e-10
1110.16	1.47864e-10
1111.57	1.41663e-10
1112.99	1.423e-10
1114.4	1.29534e-10
1115.81	1.53366e-10
1117.23	1.79157e-10
1118.64	1.68068e-10
1120.06	1.62639e-10
1121.47	1.34148e-10
1122.89	1.41774e-10
1124.3	1.44045e-10
1125.71	1.25898e-10
1127.13	1.38246e-10
1128.54	1.42531e-10
1129.96	1.53679e-10
1131.37	1.71901e-10
1132.79	2.14197e-10
1134.2	2.32133e-10
1135.61	1.83974e-10
1137.03	1.86495e-10
1138.44	1.61496e-10
1139.86	1.57894e-10
1141.27	1.47471e-10
1142.68	1.49642e-10
1144.1	1.46458e-10
1145.51	1.36301e-10
1146.93	1.45924e-10
1148.34	1.64132e-10
1149.76	1.88905e-10
1151.17	1.65468e-10
1152.58	1.6688e-10
1154	1.76166e-10
1155.41	1.57282e-10
1156.83	1.83124e-10
1158.24	1.45611e-10
1159.66	1.53881e-10
1161.07	1.15848e-10
1162.48	1.63697e-10
1163.9	1.83696e-10
1165.31	1.53919e-10
1166.73	1.48789e-10
1168.14	1.72049e-10
1169.55	1.34917e-10
1170.97	1.47155e-10
1172.38	1.18521e-10
1173.8	1.51081e-10
1175.21	1.38235e-10
1176.63	1.00244e-10
1178.04	1.16636e-10
1179.45	9.62066e-11
1180.87	1.1768e-10
1182.28	1.15169e-10
1183.7	1.27471e-10
1185.11	1.23091e-10
1186.53	1.22669e-10
1187.94	1.23399e-10
1189.35	1.19047e-10
1190.77	1.09556e-10
1192.18	9.38079e-11
1193.6	1.08485e-10
1195.01	9.62015e-11
1196.42	9.20856e-11
1197.84	9.55279e-11
1199.25	8.60968e-11
1200.67	9.6261e-11
1202.08	8.74991e-11
1203.5	9.83913e-11
1204.91	9.57985e-11
1206.32	9.27341e-11
1207.74	8.77629e-11
1209.15	7.17828e-11
1210.57	8.41099e-11
1211.98	8.02288e-11
1213.4	9.935e-11
1214.81	9.14918e-11
1216.22	8.99833e-11
1217.64	9.76379e-11
1219.05	9.43606e-11
1220.47	8.43031e-11
1221.88	9.47884e-11
1223.29	1.08143e-10
1224.71	1.37478e-10
1226.12	1.06412e-10
1227.54	1.13441e-10
1228.95	1.17151e-10
1230.37	1.01002e-10
1231.78	8.93934e-11
1233.19	8.18975e-11
1234.61	9.29601e-11
1236.02	1.02536e-10
1237.44	1.09527e-10
1238.85	1.0116e-10
1240.27	1.15811e-10
1241.68	1.21124e-10
1243.09	1.05821e-10
1244.51	1.07764e-10
1245.92	9.92908e-11
1247.34	1.00312e-10
1248.75	9.77485e-11
1250.16	8.08605e-11
1251.58	7.72073e-11
1252.99	7.52825e-11
1254.41	8.08961e-11
1255.82	8.10676e-11
1257.24	7.11424e-11
1258.65	9.01304e-11
1260.06	1.02242e-10
1261.48	9.19625e-11
1262.89	6.55394e-11
1264.31	7.08899e-11
1265.72	8.21217e-11
1267.14	8.28311e-11
1268.55	8.42457e-11
1269.96	6.72055e-11
1271.38	8.46579e-11
1272.79	1.02264e-10
1274.21	9.12922e-11
1275.62	8.56249e-11
1277.03	1.09199e-10
1278.45	1.21269e-10
1279.86	9.99429e-11
1281.28	8.23386e-11
1282.69	9.83139e-11
1284.11	1.05424e-10
1285.52	1.03925e-10
1286.93	8.37934e-11
1288.35	1.20348e-10
1289.76	1.42711e-10
1291.18	1.40175e-10
1292.59	1.2218e-10
1294.01	1.94021e-10
1295.42	2.66216e-10
1296.83	2.53458e-10
1298.25	1.43248e-10
1299.66	1.31483e-10
1301.08	1.28861e-10
1302.49	1.46976e-10
1303.9	1.05792e-10
1305.32	1.11821e-10
1306.73	1.15887e-10
1308.15	1.56361e-10
1309.56	1.72029e-10
1310.98	1.15145e-10
1312.39	1.16771e-10
1313.8	1.17695e-10
1315.22	1.20981e-10
1316.63	9.81942e-11
1318.05	9.59985e-11
1319.46	9.92938e-11
1320.88	1.05063e-10
1322.29	9.69461e-11
1323.7	9.35132e-11
1325.12	8.99313e-11
1326.53	1.10006e-10
1327.95	1.04908e-10
1329.36	1.13103e-10
1330.77	1.181e-10
1332.19	1.67469e-10
1333.6	1.36609e-10
1335.02	1.186e-10
1336.43	1.0954e-10
1337.85	1.0986e-10
1339.26	1.1168e-10
1340.67	9.44346e-11
1342.09	1.00236e-10
1343.5	1.05995e-10
1344.92	1.24611e-10
1346.33	1.2304e-10
1347.75	1.29467e-10
1349.16	1.47624e-10
1350.57	1.72339e-10
1351.99	1.74809e-10
1353.4	1.56284e-10
1354.82	1.22341e-10
1356.23	1.12133e-10
1357.65	1.14659e-10
1359.06	1.14015e-10
1360.47	9.13209e-11
1361.89	9.41883e-11
1363.3	9.958e-11
1364.72	9.59694e-11
1366.13	9.5798e-11
1367.54	1.05294e-10
1368.96	1.0091e-10
1370.37	1.05898e-10
1371.79	9.21258e-11
1373.2	9.47159e-11
1374.62	9.201e-11
1376.03	1.0733e-10
1377.44	9.91125e-11
1378.86	1.02273e-10
1380.27	8.19685e-11
1381.69	1.06429e-10
1383.1	9.25647e-11
1384.52	7.77891e-11
1385.93	9.2591e-11
1387.34	9.57215e-11
1388.76	8.54171e-11
1390.17	7.19789e-11
1391.59	8.23964e-11
1393	1.03169e-10
1394.41	1.08638e-10
1395.83	8.64191e-11
1397.24	9.01385e-11
1398.66	1.20326e-10
1400.07	1.53487e-10
1401.49	1.3203e-10
1402.9	1.11532e-10
1404.31	1.17865e-10
1405.73	1.25416e-10
1407.14	9.72173e-11
1408.56	9.03765e-11
1409.97	9.46198e-11
1411.39	9.91405e-11
1412.8	1.02126e-10
1414.21	6.94112e-11
1415.63	8.82572e-11
1417.04	9.2251e-11
1418.46	9.70774e-11
1419.87	7.46173e-11
1421.28	7.31029e-11
1422.7	7.43496e-11
1424.11	8.41651e-11
1425.53	7.37353e-11
1426.94	7.17689e-11
1428.36	6.43334e-11
1429.77	6.99893e-11
1431.18	6.6471e-11
1432.6	6.1066e-11
1434.01	6.86236e-11
1435.43	7.72039e-11
1436.84	8.17141e-11
1438.26	7.91843e-11
1439.67	8.17208e-11
1441.08	9.56337e-11
1442.5	8.73617e-11
1443.91	7.79418e-11
1445.33	6.83065e-11
1446.74	7.46512e-11
1448.15	7.79232e-11
1449.57	7.10061e-11
1450.98	6.56965e-11
1452.4	6.84501e-11
1453.81	7.3521e-11
1455.23	9.00578e-11
1456.64	9.69318e-11
1458.05	9.77118e-11
1459.47	8.20053e-11
1460.88	7.04332e-11
1462.3	7.3349e-11
1463.71	6.88025e-11
1465.13	7.50525e-11
1466.54	7.62283e-11
1467.95	6.60276e-11
1469.37	6.48165e-11
1470.78	6.20696e-11
1472.2	6.4707e-11
1473.61	7.25082e-11
1475.02	6.09723e-11
1476.44	7.0755e-11
1477.85	7.78696e-11
1479.27	7.3154e-11
1480.68	8.83921e-11
1482.1	6.46536e-11
1483.51	6.73097e-11
1484.92	5.55827e-11
1486.34	5.78407e-11
1487.75	5.94666e-11
1489.17	6.09115e-11
1490.58	5.70522e-11
1492	6.6439e-11
1493.41	7.7446e-11
1494.82	7.87508e-11
1496.24	7.51686e-11
1497.65	8.03755e-11
1499.07	6.56101e-11
1500.48	7.21389e-11
1501.89	5.843e-11
1503.31	5.97306e-11
1504.72	6.13864e-11
1506.14	6.03213e-11
1507.55	5.85419e-11
1508.97	5.64168e-11
1510.38	6.82147e-11
1511.79	6.93685e-11
1513.21	6.79138e-11
1514.62	5.73124e-11
1516.04	5.71512e-11
1517.45	5.68603e-11
1518.87	5.20569e-11
1520.28	5.18856e-11
1521.69	5.3673e-11
1523.11	5.29715e-11
1524.52	5.87624e-11
1525.94	4.92253e-11
1527.35	5.16694e-11
1528.76	5.49372e-11
1530.18	4.7971e-11
1531.59	5.24994e-11
1533.01	5.22497e-11
1534.42	5.46473e-11
1535.84	5.5765e-11
1537.25	4.75626e-11
1538.66	4.34912e-11
1540.08	5.11026e-11
1541.49	5.02923e-11
1542.91	5.40732e-11
1544.32	4.76753e-11
1545.74	5.85278e-11
1547.15	7.22576e-11
1548.56	8.27835e-11
1549.98	5.53026e-11
1551.39	6.20604e-11
1552.81	5.41629e-11
1554.22	5.65991e-11
1555.63	4.9751e-11
1557.05	4.8654e-11
1558.46	4.99528e-11
1559.88	5.6799e-11
1561.29	5.51174e-11
1562.71	4.90599e-11
1564.12	5.26766e-11
1565.53	5.16215e-11
1566.95	5.308e-11
1568.36	5.68401e-11
1569.78	4.95433e-11
1571.19	5.51158e-11
1572.61	5.07714e-11
1574.02	4.72674e-11
1575.43	4.65077e-11
1576.85	4.46093e-11
1578.26	5.03176e-11
1579.68	5.00414e-11
1581.09	4.72739e-11
1582.5	5.80304e-11
1583.92	6.37686e-11
1585.33	6.11872e-11
1586.75	5.97725e-11
1588.16	6.23552e-11
1589.58	5.90657e-11
1590.99	6.12133e-11
1592.4	5.07331e-11
1593.82	4.83848e-11
1595.23	6.18194e-11
1596.65	6.29158e-11
1598.06	5.98546e-11
1599.48	5.99206e-11
1600.89	8.02431e-11
1602.3	9.42572e-11
1603.72	7.64646e-11
1605.13	6.15275e-11
1606.55	7.21524e-11
1607.96	7.17454e-11
1609.38	6.69476e-11
1610.79	5.44939e-11
1612.2	6.66805e-11
1613.62	7.86351e-11
1615.03	9.16489e-11
1616.45	7.34141e-11
1617.86	1.0751e-10
1619.27	1.23164e-10
1620.69	1.41158e-10
1622.1	8.30484e-11
1623.52	7.77208e-11
1624.93	7.45565e-11
1626.35	7.88227e-11
1627.76	6.49101e-11
1629.17	6.64679e-11
1630.59	8.08534e-11
1632	7.12077e-11
1633.42	6.76228e-11
1634.83	6.13445e-11
1636.25	6.00784e-11
1637.66	7.29212e-11
1639.07	7.14655e-11
1640.49	5.63371e-11
1641.9	5.43561e-11
1643.32	6.28689e-11
1644.73	5.86491e-11
1646.14	5.55534e-11
1647.56	4.62017e-11
1648.97	5.51803e-11
1650.39	6.01573e-11
1651.8	6.10196e-11
1653.22	6.01664e-11
1654.63	6.83003e-11
1656.04	8.74347e-11
1657.46	9.40369e-11
1658.87	8.33295e-11
1660.29	7.49566e-11
1661.7	7.56983e-11
1663.12	7.89795e-11
1664.53	6.58896e-11
1665.94	6.36236e-11
1667.36	6.51267e-11
1668.77	7.97997e-11
1670.19	9.31416e-11
1671.6	8.23611e-11
1673.01	1.00844e-10
1674.43	1.1433e-10
1675.84	1.08918e-10
1677.26	9.7689e-11
1678.67	8.2174e-11
1680.09	8.68531e-11
1681.5	8.25861e-11
1682.91	8.01947e-11
1684.33	7.24466e-11
1685.74	7.38051e-11
1687.16	6.54642e-11
1688.57	7.76848e-11
1689.99	7.30564e-11
1691.4	7.46938e-11
1692.81	8.79232e-11
1694.23	8.86891e-11
1695.64	7.97137e-11
1697.06	7.58881e-11
1698.47	5.9075e-11
1699.88	6.33305e-11
1701.3	5.85933e-11
1702.71	5.91473e-11
1704.13	6.0355e-11
1705.54	6.97613e-11
1706.96	6.03219e-11
1708.37	5.83495e-11
1709.78	6.12101e-11
1711.2	7.38588e-11
1712.61	7.58474e-11
1714.03	6.98939e-11
1715.44	6.78634e-11
1716.86	7.69597e-11
1718.27	7.74005e-11
1719.68	6.87569e-11
1721.1	7.07641e-11
1722.51	9.38174e-11
1723.93	1.35712e-10
1725.34	1.0751e-10
1726.75	8.67551e-11
1728.17	8.81232e-11
1729.58	8.43176e-11
1731	7.89233e-11
1732.41	7.92899e-11
1733.83	9.74816e-11
1735.24	9.22893e-11
1736.65	7.40341e-11
1738.07	6.93223e-11
1739.48	7.05175e-11
1740.9	7.43387e-11
1742.31	8.25372e-11
1743.73	6.67624e-11
1745.14	7.14667e-11
1746.55	6.90556e-11
1747.97	6.71984e-11
1749.38	6.14028e-11
1750.8	5.50278e-11
1752.21	5.7559e-11
1753.62	5.55712e-11
1755.04	5.89062e-11
1756.45	5.34946e-11
1757.87	4.85246e-11
1759.28	5.64158e-11
1760.7	5.90949e-11
1762.11	5.21233e-11
1763.52	5.59392e-11
1764.94	6.49635e-11
1766.35	5.60242e-11
1767.77	5.48955e-11
1769.18	4.97628e-11
1770.6	4.94424e-11
1772.01	5.51304e-11
1773.42	6.04081e-11
1774.84	5.74704e-11
1776.25	5.66317e-11
1777.67	6.4842e-11
1779.08	7.34243e-11
1780.49	7.15516e-11
1781.91	7.28865e-11
1783.32	7.04373e-11
1784.74	7.21965e-11
1786.15	6.50736e-11
1787.57	5.77091e-11
1788.98	5.80544e-11
1790.39	5.09432e-11
1791.81	4.8879e-11
1793.22	4.91985e-11
1794.64	5.14701e-11
1796.05	5.25515e-11
1797.47	5.70602e-11
1798.88	6.43792e-11
1800.29	6.74328e-11
1801.71	5.14063e-11
1803.12	5.00399e-11
1804.54	4.94459e-11
1805.95	4.97138e-11
1807.36	4.67012e-11
1808.78	4.45981e-11
1810.19	4.29476e-11
1811.61	4.5564e-11
1813.02	5.04136e-11
1814.44	5.03008e-11
1815.85	5.12839e-11
1817.26	5.4315e-11
1818.68	5.24519e-11
1820.09	4.91567e-11
1821.51	4.38339e-11
1822.92	4.5039e-11
1824.34	4.48995e-11
1825.75	4.39447e-11
1827.16	4.2676e-11
1828.58	4.47629e-11
1829.99	4.68522e-11
1831.41	4.80252e-11
1832.82	4.47454e-11
1834.23	5.77133e-11
1835.65	6.21116e-11
1837.06	6.28358e-11
1838.48	5.04029e-11
1839.89	5.52121e-11
1841.31	5.06419e-11
1842.72	5.11915e-11
1844.13	4.97631e-11
1845.55	5.13443e-11
1846.96	4.84287e-11
1848.38	4.77913e-11
1849.79	4.5617e-11
1851.21	4.38334e-11
1852.62	4.29207e-11
1854.03	4.48164e-11
1855.45	4.29499e-11
1856.86	4.08724e-11
1858.28	4.6204e-11
1859.69	4.59883e-11
1861.11	4.29229e-11
1862.52	3.96462e-11
1863.93	4.01257e-11
1865.35	4.23531e-11
1866.76	4.40413e-11
1868.18	4.80889e-11
1869.59	5.25636e-11
1871	6.83152e-11
1872.42	6.59163e-11
1873.83	4.76843e-11
1875.25	4.37253e-11
1876.66	4.49335e-11
1878.08	4.73625e-11
1879.49	4.33066e-11
1880.9	4.022e-11
1882.32	4.23538e-11
1883.73	4.51774e-11
1885.15	4.29743e-11
1886.56	3.69742e-11
1887.98	4.26718e-11
1889.39	4.01171e-11
1890.8	4.18308e-11
1892.22	4.09796e-11
1893.63	4.00284e-11
1895.05	4.21967e-11
1896.46	3.87951e-11
1897.87	3.60225e-11
1899.29	3.79188e-11
1900.7	3.82115e-11
1902.12	4.18089e-11
1903.53	4.22927e-11
1904.95	3.8647e-11
1906.36	4.69306e-11
1907.77	4.53039e-11
1909.19	4.56099e-11
1910.6	3.71249e-11
1912.02	4.22127e-11
1913.43	4.18944e-11
1914.85	4.0869e-11
1916.26	3.94117e-11
1917.67	3.7679e-11
1919.09	4.42211e-11
1920.5	4.2694e-11
1921.92	4.23023e-11
1923.33	4.44152e-11
1924.74	5.74531e-11
1926.16	6.31424e-11
1927.57	5.14548e-11
1928.99	4.74403e-11
1930.4	5.43849e-11
1931.82	5.34803e-11
1933.23	5.24313e-11
1934.64	5.14453e-11
1936.06	5.93474e-11
1937.47	6.12306e-11
1938.89	6.39694e-11
1940.3	6.02012e-11
1941.72	7.09971e-11
1943.13	7.90722e-11
1944.54	8.02584e-11
1945.96	6.36121e-11
1947.37	5.98014e-11
1948.79	5.8058e-11
1950.2	6.43065e-11
1951.61	6.63965e-11
1953.03	5.95004e-11
1954.44	5.84293e-11
1955.86	6.0316e-11
1957.27	5.79693e-11
1958.69	5.93347e-11
1960.1	6.19733e-11
1961.51	7.11809e-11
1962.93	6.67563e-11
1964.34	6.06598e-11
1965.76	5.98809e-11
1967.17	6.44276e-11
1968.59	5.77886e-11
1970	5.18064e-11
1971.41	5.20695e-11
1972.83	5.23715e-11
1974.24	5.35674e-11
1975.66	6.08019e-11
1977.07	5.77119e-11
1978.48	7.0913e-11
1979.9	8.2357e-11
1981.31	8.28057e-11
1982.73	7.69372e-11
1984.14	6.56543e-11
1985.56	6.63707e-11
1986.97	6.51436e-11
1988.38	5.93306e-11
1989.8	5.67503e-11
1991.21	6.42292e-11
1992.63	6.98326e-11
1994.04	7.8795e-11
1995.46	7.84655e-11
1996.87	9.04601e-11
1998.28	9.65445e-11
1999.7	1.00377e-10
2001.11	7.74118e-11
2002.53	7.20871e-11
2003.94	6.9665e-11
2005.35	6.60546e-11
2006.77	5.6497e-11
2008.18	5.05703e-11
2009.6	4.95786e-11
2011.01	5.58144e-11
2012.43	5.90174e-11
2013.84	5.37752e-11
2015.25	5.47378e-11
2016.67	5.61861e-11
2018.08	5.51089e-11
2019.5	4.83962e-11
2020.91	5.08277e-11
2022.33	5.02244e-11
